N = 500
36.25
7.50
60.50
7.75
41.00
62.25
41.00
24.25
54.00
46.00
103.75
51.25
70.75
63.50
36.25
30.00
19.50
79.25
12.00
16.75
24.25
41.50
13.25
39.50
34.50
19.50
37.75
65.75
51.25
17.50
82.00
64.25
30.00
60.25
76.25
41.50
31.50
74.50
0.50
36.00
25.75
42.25
90.25
39.75
27.75
30.50
21.75
10.25
64.00
73.25
0.25
10.75
87.00
44.75
35.25
82.50
57.00
39.50
55.50
4.00
73.50
56.75
36.50
68.25
33.50
27.50
8.50
36.00
7.00
62.50
37.50
43.00
38.00
40.50
74.25
35.25
79.75
73.00
53.50
44.00
41.75
43.75
69.75
33.25
68.00
69.75
17.75
41.25
100.25
36.25
63.25
80.25
32.00
25.25
27.75
22.50
88.00
67.50
54.75
2.75
56.75
56.50
36.00
12.25
10.25
18.75
67.50
28.50
76.00
29.25
30.00
26.50
31.75
76.00
56.50
61.00
79.75
67.00
42.00
9.25
89.75
61.50
44.75
35.50
57.25
114.00
64.00
8.75
9.75
35.25
32.00
75.25
67.25
101.25
25.00
7.75
49.75
49.25
35.25
76.00
87.00
28.25
71.75
64.50
47.50
52.00
40.25
33.50
46.75
83.25
66.25
15.25
20.50
30.75
25.00
15.00
107.50
47.50
32.00
65.00
39.75
25.25
47.75
90.50
34.50
33.25
11.50
48.75
25.25
47.25
51.25
99.50
22.75
47.00
32.00
2.25
66.75
55.00
17.25
64.50
62.75
64.50
36.50
41.50
59.50
4.50
0.75
21.00
30.75
30.75
52.00
44.25
35.50
41.25
37.00
41.50
17.75
41.00
18.25
56.00
32.00
15.50
64.00
64.00
71.00
34.50
57.25
31.75
21.25
44.25
52.50
61.50
17.00
8.75
56.50
74.00
78.00
41.00
73.75
43.25
47.75
24.50
18.50
34.75
42.50
27.25
53.00
52.75
37.25
57.75
45.75
49.00
78.50
18.75
31.75
76.00
71.75
23.50
7.25
28.75
25.25
28.50
42.00
36.25
42.25
36.25
62.75
50.75
74.75
2.75
42.25
71.50
114.75
57.25
99.25
63.50
95.50
43.50
40.75
24.75
104.50
70.00
37.75
86.75
36.25
97.75
9.50
68.75
47.50
55.75
49.50
33.50
56.00
45.50
51.25
19.25
76.50
18.00
63.75
82.25
38.75
33.50
33.75
3.75
24.75
45.25
45.25
78.00
50.50
43.50
59.75
35.00
46.25
29.25
45.50
92.75
14.75
57.00
60.00
39.00
68.75
85.00
10.50
38.75
15.75
7.75
82.50
37.75
35.00
17.25
50.00
0.25
75.25
7.75
49.25
26.50
74.25
105.50
31.00
23.50
74.75
13.25
27.50
2.75
73.50
62.00
45.25
43.75
53.00
72.00
4.00
35.50
72.75
58.50
10.25
4.75
11.75
63.00
20.25
34.25
89.25
11.75
10.75
111.00
71.00
48.25
43.25
63.50
55.25
76.75
81.25
51.75
26.75
53.00
56.75
54.00
27.25
85.25
72.50
25.00
98.50
25.75
45.25
15.50
23.25
46.25
66.25
59.50
93.50
31.00
12.50
15.50
56.75
39.25
60.00
20.00
42.50
55.75
40.25
7.25
8.75
40.50
8.25
87.25
69.00
52.25
31.50
16.00
58.25
89.00
30.75
30.50
62.50
50.00
78.75
9.50
19.75
67.00
19.75
55.25
29.25
84.25
35.75
48.00
21.25
59.25
59.75
34.50
77.75
57.50
22.00
4.75
86.50
58.50
32.50
74.25
29.00
67.75
50.50
51.25
15.00
45.25
49.00
56.25
80.00
17.25
28.75
32.00
88.75
62.50
7.50
28.25
24.50
22.50
44.00
55.00
31.25
40.75
62.75
49.25
70.75
84.75
78.50
9.50
44.75
44.00
6.50
31.00
65.25
55.75
32.25
95.50
25.25
16.75
85.75
15.75
90.50
20.75
65.00
81.75
37.50
30.50
10.00
6.25
23.25
46.00
113.50
49.25
27.25
50.75
118.25
66.00
66.75
54.00
75.75
15.50
76.25
85.00
85.25
36.75
30.50
31.50
3.25
16.00
81.00
35.25
15.75
60.50
18.75
41.50
43.75
10.75
75.50
45.00
25.00
16.50
20.50
44.25
39.00
42.00
