N = 500
17.50
33.75
20.75
35.00
20.75
9.50
29.25
24.00
62.50
27.50
40.50
35.75
17.50
13.25
6.25
46.25
1.25
4.50
9.50
521.00
2.00
19.75
16.25
6.50
18.50
37.25
27.50
5.00
48.00
36.00
13.25
33.50
44.25
21.00
14.25
43.00
17.50
10.50
21.50
53.50
19.75
12.00
13.75
7.75
0.25
36.00
42.00
500.50
51.50
23.25
16.75
48.25
31.25
19.75
30.25
42.25
31.25
17.75
38.75
15.50
11.75
17.25
35.00
18.25
22.00
18.75
20.50
42.75
16.75
46.50
42.00
29.00
22.75
21.25
22.50
539.75
15.50
38.50
39.75
5.25
20.75
60.00
17.50
35.50
47.00
14.75
10.00
11.75
8.50
52.00
38.25
29.75
31.25
31.00
17.25
1.50
0.25
6.00
38.25
12.25
44.00
12.75
13.25
511.00
14.50
44.00
31.00
34.00
46.50
38.00
21.50
53.25
34.25
23.25
17.00
31.50
69.50
36.00
17.00
14.75
43.50
38.00
60.75
10.00
26.50
26.25
17.00
44.00
51.50
12.00
41.25
536.25
25.00
28.00
20.25
15.50
24.50
49.00
37.50
3.50
7.00
13.75
10.00
3.50
65.00
25.00
14.75
36.75
19.75
10.25
25.00
53.75
16.25
15.50
1.00
25.75
10.00
25.00
27.50
559.75
8.50
24.75
14.75
37.75
30.00
5.00
36.25
35.25
36.25
17.50
21.00
33.00
7.50
13.75
14.00
28.00
23.00
17.00
20.75
18.00
21.00
5.00
20.75
5.50
30.75
14.50
3.75
536.00
36.00
40.75
16.25
31.50
14.50
7.50
23.00
28.25
34.25
4.75
31.00
42.75
45.25
20.75
42.50
22.00
25.25
9.75
5.50
16.50
21.75
11.50
28.50
28.50
18.25
31.75
23.75
526.00
45.75
5.75
14.50
44.00
41.00
9.00
12.50
10.25
12.25
21.50
17.50
21.50
17.50
35.25
27.00
43.25
21.50
41.00
69.75
31.50
59.50
35.75
57.00
22.25
20.50
9.75
63.00
540.00
18.50
51.25
17.50
58.50
39.25
25.00
30.50
26.25
15.75
30.75
23.75
27.50
6.00
44.50
5.25
35.75
48.00
19.25
15.75
15.75
9.75
23.50
23.50
45.50
27.00
22.50
33.25
516.75
24.00
12.75
23.75
55.25
3.25
31.50
33.25
19.25
39.25
50.00
0.50
19.25
3.75
48.25
18.50
16.75
4.75
26.50
43.50
26.25
11.00
42.75
63.75
14.00
9.00
43.25
2.00
511.75
42.25
34.75
23.50
22.50
28.50
41.25
17.00
41.75
32.25
0.00
1.25
35.25
6.75
16.00
52.75
1.25
0.50
67.50
40.50
25.50
22.00
35.50
30.25
44.50
47.50
27.75
11.25
528.75
31.25
29.25
11.50
50.25
41.75
10.00
59.00
10.50
23.50
3.75
8.75
24.25
37.50
33.00
55.75
14.00
1.50
3.75
31.25
19.50
33.50
6.50
21.75
30.50
20.00
20.25
51.50
539.50
28.25
14.50
4.00
32.00
52.75
14.00
13.75
35.00
26.75
45.75
6.50
38.00
6.50
30.00
12.75
49.50
17.00
25.25
7.50
32.75
33.25
16.25
45.25
31.75
8.00
51.00
32.25
515.00
43.00
12.75
38.50
27.00
27.50
3.25
23.50
26.00
30.75
46.75
4.75
12.50
14.75
52.50
35.00
12.25
9.75
8.25
22.50
30.00
14.25
20.50
35.25
26.25
40.50
49.75
45.50
523.25
22.50
14.00
36.75
30.50
15.00
57.00
10.25
4.50
50.50
4.00
53.50
7.25
36.75
47.75
18.25
13.75
8.75
24.00
69.00
26.25
11.50
27.25
72.25
37.25
37.75
29.25
43.75
503.50
44.25
50.00
50.25
17.75
13.75
14.25
4.00
47.50
16.75
3.75
33.75
5.75
21.00
22.50
0.50
43.75
23.25
10.00
4.50
7.00
23.00
19.50
21.25
13.75
35.25
43.00
1.50
530.25
30.50
50.25
17.50
2.25
36.50
26.50
23.00
1.00
22.50
39.75
34.75
19.50
52.00
26.25
11.75
14.00
29.25
30.00
36.25
2.25
21.25
6.00
40.50
34.25
45.25
17.00
13.75
542.00
18.75
3.00
3.75
43.25
